7 20
4 2
4 0
4 6
4 3
4 1
4 5
2 0
2 6
2 3
2 1
2 5
0 6
0 3
0 1
0 5
6 3
6 5
3 1
3 5
1 5
20 150 10
3 8 5 18 1 14 7 6 0 10
0 1 938
0 2 39
0 3 994
0 4 746
0 6 132
0 7 243
0 8 606
0 9 786
0 10 771
0 12 198
0 13 556
0 14 886
0 16 445
0 17 562
0 18 906
0 19 744
1 2 674
1 3 73
1 4 533
1 6 186
1 8 802
1 10 189
1 12 776
1 13 438
1 14 172
1 15 801
1 16 702
1 17 655
1 18 425
1 19 178
2 3 848
2 4 882
2 5 963
2 6 583
2 7 581
2 8 132
2 10 316
2 11 639
2 12 905
2 14 454
2 15 165
2 16 553
2 18 608
2 19 835
3 4 190
3 5 988
3 6 612
3 7 834
3 8 503
3 9 128
3 10 389
3 12 16
3 13 219
3 14 680
3 15 971
3 16 363
3 17 187
3 18 146
3 19 38
4 5 62
4 6 789
4 7 777
4 8 216
4 9 400
4 10 918
4 13 519
4 14 65
4 17 373
4 18 83
4 19 559
5 6 801
5 7 521
5 8 730
5 9 164
5 10 643
5 12 771
5 16 9
5 17 287
5 18 955
6 7 973
6 8 579
6 11 174
6 12 961
6 13 575
6 14 476
6 16 443
6 17 18
6 18 299
6 19 344
7 8 299
7 9 130
7 10 708
7 11 985
7 12 198
7 13 656
7 14 105
7 15 761
7 16 643
7 17 79
7 18 660
7 19 7
8 11 225
8 12 613
8 13 50
8 15 668
8 16 614
8 17 192
8 18 116
9 10 868
9 11 569
9 12 250
9 13 186
9 14 773
9 15 18
9 16 450
9 17 817
9 19 82
10 11 330
10 12 235
10 13 700
10 14 221
10 15 626
10 16 810
10 17 897
10 18 559
11 12 946
11 13 627
11 15 778
11 18 424
11 19 892
12 13 159
12 14 950
12 15 267
12 18 29
12 19 662
13 14 641
13 16 258
13 18 753
14 15 149
14 17 472
14 18 621
14 19 30
15 16 144
15 17 488
15 19 733
16 17 531
16 18 966
16 19 11
17 18 83
17 19 254
