8 28
0 1
0 2
0 3
0 4
0 5
0 6
0 7
1 2
1 3
1 4
1 5
1 6
1 7
2 3
2 4
2 5
2 6
2 7
3 4
3 5
3 6
3 7
4 5
4 6
4 7
5 6
5 7
6 7
11 55 6
2 4 0 8 5 6 
0 1 478
0 2 619
0 3 693
0 4 435
0 5 540
0 6 530
0 7 404
0 8 602
0 9 320
0 10 996
1 2 601
1 3 626
1 4 127
1 5 967
1 6 344
1 7 713
1 8 704
1 9 377
1 10 297
2 3 746
2 4 672
2 5 770
2 6 898
2 7 955
2 8 390
2 9 187
2 10 355
3 4 126
3 5 733
3 6 505
3 7 448
3 8 567
3 9 133
3 10 816
4 5 238
4 6 861
4 7 683
4 8 619
4 9 518
4 10 549
5 6 510
5 7 309
5 8 191
5 9 160
5 10 579
6 7 814
6 8 623
6 9 864
6 10 544
7 8 256
7 9 146
7 10 925
8 9 445
8 10 910
9 10 471
