8 20
1 5
1 4
1 6
1 0
3 5
3 2
3 4
3 6
3 7
3 0
5 4
5 6
5 7
5 0
2 6
2 7
4 0
6 7
6 0
7 0
23 160 12
16 3 12 5 14 22 19 9 4 21 11 10
0 1 536
0 2 54
0 3 527
0 4 488
0 6 764
0 7 648
0 8 358
0 11 715
0 12 103
0 13 150
0 15 905
0 16 154
0 17 181
0 18 221
0 20 811
0 22 922
1 3 751
1 4 21
1 5 316
1 6 189
1 8 359
1 10 753
1 13 312
1 14 51
1 15 115
1 17 481
1 20 313
1 22 164
2 3 627
2 4 720
2 7 489
2 8 698
2 9 660
2 11 819
2 14 241
2 16 639
2 18 665
2 19 84
2 20 155
2 21 168
3 8 67
3 9 76
3 10 30
3 11 720
3 12 790
3 14 462
3 15 431
3 16 434
3 18 208
3 19 715
3 20 225
3 22 900
4 5 861
4 6 811
4 7 809
4 9 248
4 11 238
4 12 182
4 13 836
4 14 898
4 15 264
4 16 464
4 19 21
4 21 442
4 22 502
5 6 983
5 7 386
5 9 948
5 11 600
5 15 554
5 17 816
5 18 957
5 19 669
5 20 690
5 22 371
6 8 308
6 14 729
6 15 832
6 16 39
6 17 560
6 18 213
6 19 106
6 20 783
6 22 971
7 8 436
7 9 933
7 10 988
7 16 911
7 18 41
7 19 287
7 21 336
7 22 816
8 9 870
8 12 256
8 13 673
8 15 678
8 17 215
8 19 343
8 20 915
8 21 134
8 22 125
9 11 329
9 14 262
9 15 735
9 16 139
9 18 779
9 19 737
9 20 400
10 12 276
10 13 176
10 14 749
10 15 495
10 17 846
10 18 791
10 19 515
10 20 598
11 16 525
11 17 837
11 18 108
11 20 346
11 22 362
12 13 400
12 14 705
12 16 272
12 17 227
12 18 643
12 20 159
12 22 521
13 14 426
13 15 684
13 16 66
13 17 277
13 18 560
13 19 766
13 20 421
13 21 352
13 22 679
14 15 264
14 16 438
14 18 233
14 19 914
14 22 602
15 16 699
15 17 486
15 18 569
15 20 496
15 21 204
16 17 218
16 18 175
16 19 424
16 20 877
16 21 667
17 21 631
17 22 907
18 19 918
18 21 274
18 22 958
19 21 552
19 22 288
21 22 483
