9 32
6 2
6 4
6 8
6 7
6 1
6 3
6 0
6 5
2 4
2 8
2 7
2 3
2 0
2 5
4 8
4 7
4 3
4 0
4 5
8 7
8 1
8 3
8 0
7 1
7 3
7 0
7 5
1 3
1 0
1 5
3 5
0 5
26 300 18
17 12 5 21 23 0 19 10 13 18 24 14 25 4 16 15 20 3
0 1 969
0 2 584
0 3 944
0 4 945
0 5 938
0 6 156
0 7 194
0 8 109
0 9 32
0 10 813
0 11 412
0 12 956
0 13 164
0 14 248
0 15 694
0 16 286
0 17 127
0 18 852
0 19 867
0 20 607
0 21 469
0 22 143
0 23 49
0 24 576
0 25 857
1 2 331
1 3 228
1 4 803
1 5 334
1 6 436
1 7 630
1 9 455
1 10 427
1 11 543
1 13 639
1 14 831
1 15 155
1 17 236
1 18 889
1 19 359
1 20 363
1 21 387
1 22 856
1 23 640
1 24 517
1 25 30
2 3 411
2 4 187
2 5 467
2 7 669
2 8 51
2 9 457
2 10 650
2 11 315
2 13 736
2 14 255
2 15 696
2 16 51
2 17 536
2 18 930
2 19 648
2 20 723
2 22 551
2 23 246
2 24 58
2 25 79
3 4 540
3 5 557
3 6 195
3 7 386
3 8 655
3 9 750
3 10 12
3 11 52
3 12 434
3 13 638
3 14 193
3 16 749
3 17 852
3 18 728
3 19 92
3 20 435
3 21 807
3 22 389
3 23 185
3 24 33
4 5 717
4 6 672
4 7 356
4 8 502
4 9 301
4 10 468
4 11 781
4 12 922
4 13 397
4 14 21
4 15 976
4 16 560
4 17 12
4 18 454
4 19 172
4 20 576
4 21 373
4 22 541
4 23 478
4 24 462
5 6 820
5 7 929
5 9 146
5 10 927
5 11 790
5 12 425
5 13 498
5 14 843
5 15 214
5 16 597
5 17 899
5 18 823
5 19 276
5 20 853
5 21 568
5 22 705
5 23 339
5 24 799
5 25 897
6 7 953
6 8 102
6 9 370
6 10 747
6 11 433
6 12 673
6 13 747
6 14 208
6 15 708
6 16 922
6 17 878
6 18 64
6 19 22
6 20 609
6 21 559
6 22 193
6 23 204
6 24 687
6 25 595
7 8 748
7 9 605
7 10 739
7 11 182
7 12 739
7 13 43
7 14 780
7 15 889
7 16 499
7 17 83
7 18 249
7 19 70
7 20 871
7 21 706
7 23 859
7 24 322
7 25 353
8 9 247
8 10 837
8 11 844
8 12 470
8 13 602
8 14 149
8 16 517
8 17 786
8 18 44
8 19 236
8 20 494
8 21 63
8 23 526
8 24 133
8 25 352
9 10 804
9 11 95
9 12 40
9 13 510
9 14 716
9 15 339
9 16 814
9 17 52
9 18 726
9 20 111
9 21 592
9 23 850
9 25 713
10 11 664
10 13 363
10 14 617
10 15 266
10 16 502
10 17 267
10 18 412
10 19 776
10 20 756
10 21 874
10 22 105
10 23 745
10 25 454
11 12 379
11 13 648
11 14 493
11 15 391
11 16 175
11 17 961
11 18 75
11 19 673
11 20 289
11 21 806
11 22 82
11 23 812
11 24 566
11 25 702
12 13 194
12 14 712
12 15 841
12 16 422
12 17 624
12 18 477
12 19 540
12 20 987
12 21 386
12 22 113
12 23 878
12 24 314
12 25 750
13 14 357
13 15 339
13 16 527
13 17 951
13 18 364
13 19 8
13 20 916
13 21 212
13 23 522
13 24 30
13 25 163
14 15 818
14 17 54
14 18 722
14 19 134
14 20 887
14 22 846
14 23 150
14 24 784
14 25 605
15 16 249
15 18 643
15 19 636
15 20 970
15 21 604
15 22 196
15 23 132
15 24 500
15 25 650
16 17 954
16 18 158
16 19 482
16 20 347
16 21 232
16 22 301
16 23 709
16 25 387
17 18 289
17 19 106
17 20 275
17 21 723
17 22 240
17 23 773
17 24 982
17 25 158
18 21 511
18 22 811
18 23 65
18 24 881
18 25 940
19 20 812
19 21 362
19 22 441
19 23 451
19 24 284
19 25 942
20 21 488
20 22 577
20 23 335
20 24 288
20 25 294
21 22 54
21 23 230
21 24 979
21 25 136
22 23 776
22 24 289
22 25 238
23 24 439
23 25 78
24 25 657
