10 38
0 2
0 9
0 5
0 6
0 7
0 4
0 1
0 8
2 9
2 5
2 6
2 7
2 4
2 3
2 1
2 8
9 6
9 7
9 4
9 1
9 8
5 6
5 7
5 3
5 1
5 8
6 7
6 4
6 3
6 1
6 8
7 4
7 3
7 1
7 8
4 8
3 1
1 8
30 350 23
28 0 19 18 9 6 24 4 3 29 2 10 1 14 12 7 15 20 26 13 5 23 8
0 1 267
0 2 831
0 3 783
0 4 431
0 7 668
0 9 578
0 10 910
0 11 375
0 12 547
0 13 196
0 14 967
0 16 130
0 17 440
0 18 21
0 20 245
0 21 492
0 23 883
0 24 52
0 25 191
0 26 552
0 28 24
0 29 849
1 2 447
1 3 667
1 4 518
1 5 948
1 6 49
1 7 676
1 8 365
1 10 207
1 11 70
1 12 208
1 13 352
1 16 695
1 17 237
1 18 812
1 19 555
1 21 644
1 22 471
1 23 692
1 24 468
1 25 548
1 26 459
1 27 867
1 29 8
2 3 245
2 4 654
2 6 6
2 7 47
2 8 448
2 9 542
2 10 228
2 12 61
2 13 69
2 14 68
2 15 439
2 17 702
2 18 258
2 19 40
2 20 615
2 21 64
2 22 37
2 23 720
2 24 730
2 25 876
2 26 800
2 27 76
3 4 228
3 5 710
3 6 689
3 7 181
3 9 729
3 10 515
3 11 200
3 12 562
3 14 120
3 15 574
3 16 516
3 17 403
3 18 60
3 19 274
3 20 860
3 21 91
3 22 940
3 23 89
3 24 626
3 25 336
3 26 695
3 27 230
3 29 148
4 5 612
4 6 28
4 7 778
4 8 134
4 9 806
4 10 691
4 11 279
4 12 616
4 14 323
4 19 646
4 20 897
4 21 241
4 22 882
4 23 679
4 24 405
4 25 470
4 26 266
4 27 49
4 28 853
4 29 462
5 6 786
5 7 446
5 8 932
5 9 305
5 10 868
5 11 396
5 12 666
5 13 760
5 14 192
5 15 723
5 16 157
5 17 98
5 18 889
5 20 339
5 21 2
5 24 558
5 25 725
5 26 584
5 28 885
5 29 681
6 7 513
6 9 90
6 10 189
6 11 607
6 12 309
6 13 877
6 14 699
6 15 825
6 16 785
6 17 225
6 19 203
6 20 392
6 22 930
6 23 610
6 24 841
6 25 846
6 26 853
6 27 832
6 28 931
6 29 441
7 8 270
7 9 174
7 10 164
7 12 126
7 13 518
7 14 850
7 16 694
7 17 53
7 18 130
7 19 439
7 20 245
7 21 220
7 22 277
7 23 684
7 24 556
7 26 352
7 27 612
7 28 244
7 29 255
8 9 610
8 11 607
8 12 145
8 13 115
8 14 642
8 18 961
8 19 80
8 20 235
8 21 813
8 22 197
8 23 94
8 24 284
8 25 20
8 26 690
8 27 868
8 28 467
8 29 460
9 11 800
9 12 146
9 13 222
9 14 977
9 15 824
9 16 799
9 17 673
9 19 308
9 23 449
9 24 700
9 25 289
9 26 542
9 28 122
10 11 798
10 12 226
10 14 756
10 15 746
10 16 756
10 18 220
10 19 9
10 20 110
10 21 393
10 22 749
10 23 421
10 24 567
10 25 451
10 26 359
10 27 189
10 28 725
10 29 648
11 12 396
11 13 116
11 15 151
11 16 811
11 17 730
11 18 608
11 19 862
11 20 71
11 21 296
11 22 288
11 23 784
11 24 490
11 25 463
11 26 368
12 13 219
12 14 381
12 15 477
12 16 215
12 17 984
12 19 2
12 20 723
12 21 748
12 22 964
12 23 632
12 24 569
12 25 632
12 26 901
12 27 376
12 28 832
12 29 115
13 14 766
13 15 48
13 16 151
13 17 437
13 18 459
13 19 130
13 20 347
13 22 297
13 23 431
13 24 577
13 25 358
13 26 784
13 27 772
13 28 830
13 29 725
14 15 78
14 16 721
14 17 914
14 18 228
14 19 201
14 20 129
14 21 115
14 22 635
14 23 49
14 24 736
14 25 197
14 28 876
15 16 389
15 18 92
15 20 420
15 22 859
15 24 765
15 26 903
15 27 735
15 28 630
16 17 221
16 18 641
16 19 182
16 20 55
16 21 684
16 22 294
16 25 293
16 27 531
16 29 947
17 20 77
17 21 468
17 25 102
17 26 868
17 27 416
17 28 659
17 29 873
18 19 508
18 20 670
18 21 531
18 22 248
18 23 705
18 25 806
18 26 450
18 27 823
18 28 910
18 29 247
19 20 967
19 22 295
19 23 632
19 25 790
19 26 29
19 27 322
19 28 451
19 29 645
20 22 680
20 24 457
20 25 68
20 26 330
20 27 329
20 28 32
20 29 127
21 22 270
21 23 6
21 24 464
21 25 829
21 26 866
21 27 398
22 23 808
22 24 869
22 25 557
22 26 407
22 27 394
22 29 230
23 27 368
23 28 84
23 29 735
24 26 796
24 27 141
24 28 861
24 29 463
25 26 158
25 27 650
25 28 482
26 27 575
26 28 657
26 29 924
27 28 524
27 29 5
28 29 473
